0 1 10 15 
0 1 10 20 
0 1 11 16 
0 1 11 21 
0 1 15 20 
0 1 16 21 
0 5 6 15 
0 5 6 20 
0 5 10 11 
0 5 10 15 
0 5 10 20 
0 5 10 21 
0 5 15 16 
0 5 15 20 
0 5 20 21 
0 10 11 15 
0 10 11 20 
0 10 15 16 
0 10 15 20 
0 10 20 21 
0 11 16 21 
0 15 16 20 
1 2 11 16 
1 2 11 21 
1 2 12 17 
1 2 12 22 
1 2 16 21 
1 2 17 22 
1 5 6 16 
1 5 6 21 
1 6 7 16 
1 6 7 21 
1 6 10 11 
1 6 11 12 
1 6 11 16 
1 6 11 20 
1 6 11 21 
1 6 11 22 
1 6 15 16 
1 6 16 17 
1 6 16 21 
1 6 20 21 
1 6 21 22 
1 10 11 16 
1 10 11 21 
1 10 15 20 
1 11 12 16 
1 11 12 21 
1 11 15 16 
1 11 16 17 
1 11 16 21 
1 11 20 21 
1 11 21 22 
1 12 17 22 
1 15 16 21 
1 16 17 21 
2 3 12 17 
2 3 12 22 
2 3 13 18 
2 3 13 23 
2 3 17 22 
2 3 18 23 
2 6 7 17 
2 6 7 22 
2 7 8 17 
2 7 8 22 
2 7 11 12 
2 7 12 13 
2 7 12 17 
2 7 12 21 
2 7 12 22 
2 7 12 23 
2 7 16 17 
2 7 17 18 
2 7 17 22 
2 7 21 22 
2 7 22 23 
2 11 12 17 
2 11 12 22 
2 11 16 21 
2 12 13 17 
2 12 13 22 
2 12 16 17 
2 12 17 18 
2 12 17 22 
2 12 21 22 
2 12 22 23 
2 13 18 23 
2 16 17 22 
2 17 18 22 
3 4 13 18 
3 4 13 23 
3 4 14 19 
3 4 14 24 
3 4 18 23 
3 4 19 24 
3 7 8 18 
3 7 8 23 
3 8 9 18 
3 8 9 23 
3 8 12 13 
3 8 13 14 
3 8 13 18 
3 8 13 22 
3 8 13 23 
3 8 13 24 
3 8 17 18 
3 8 18 19 
3 8 18 23 
3 8 22 23 
3 8 23 24 
3 12 13 18 
3 12 13 23 
3 12 17 22 
3 13 14 18 
3 13 14 23 
3 13 17 18 
3 13 18 19 
3 13 18 23 
3 13 22 23 
3 13 23 24 
3 14 19 24 
3 17 18 23 
3 18 19 23 
4 8 9 19 
4 8 9 24 
4 9 13 14 
4 9 14 19 
4 9 14 23 
4 9 14 24 
4 9 18 19 
4 9 19 24 
4 9 23 24 
4 13 14 19 
4 13 14 24 
4 13 18 23 
4 14 18 19 
4 14 19 24 
4 14 23 24 
4 18 19 24 
5 6 10 15 
5 6 10 20 
5 6 11 16 
5 6 11 21 
5 6 15 20 
5 6 16 21 
5 10 11 20 
5 10 15 16 
5 10 15 20 
5 10 20 21 
5 15 16 20 
6 7 11 16 
6 7 11 21 
6 7 12 17 
6 7 12 22 
6 7 16 21 
6 7 17 22 
6 10 11 21 
6 11 12 21 
6 11 15 16 
6 11 16 17 
6 11 16 21 
6 11 20 21 
6 11 21 22 
6 15 16 21 
6 16 17 21 
7 8 12 17 
7 8 12 22 
7 8 13 18 
7 8 13 23 
7 8 17 22 
7 8 18 23 
7 11 12 22 
7 12 13 22 
7 12 16 17 
7 12 17 18 
7 12 17 22 
7 12 21 22 
7 12 22 23 
7 16 17 22 
7 17 18 22 
8 9 13 18 
8 9 13 23 
8 9 14 19 
8 9 14 24 
8 9 18 23 
8 9 19 24 
8 12 13 23 
8 13 14 23 
8 13 17 18 
8 13 18 19 
8 13 18 23 
8 13 22 23 
8 13 23 24 
8 17 18 23 
8 18 19 23 
9 13 14 24 
9 14 18 19 
9 14 19 24 
9 14 23 24 
9 18 19 24 
10 11 15 20 
10 11 16 21 
11 12 16 21 
11 12 17 22 
12 13 17 22 
12 13 18 23 
13 14 18 23 
13 14 19 24 
