0 5 6 7 12 17 22 
0 5 6 11 12 17 22 
0 5 6 11 15 16 20 
0 5 6 11 16 17 22 
0 5 10 11 12 17 22 
0 5 10 11 16 17 22 
0 5 10 15 16 17 22 
1 5 6 10 15 16 21 
1 6 7 8 13 18 23 
1 6 7 12 13 18 23 
1 6 7 12 16 17 21 
1 6 7 12 17 18 23 
1 6 11 12 13 18 23 
1 6 11 12 17 18 23 
1 6 11 16 17 18 23 
2 5 6 7 10 15 20 
2 6 7 10 11 15 20 
2 6 7 11 15 16 20 
2 6 7 11 16 17 22 
2 7 8 9 14 19 24 
2 7 8 13 14 19 24 
2 7 8 13 17 18 22 
2 7 8 13 18 19 24 
2 7 10 11 12 15 20 
2 7 11 12 15 16 20 
2 7 12 13 14 19 24 
2 7 12 13 18 19 24 
2 7 12 15 16 17 20 
2 7 12 17 18 19 24 
3 6 7 8 11 16 21 
3 7 8 11 12 16 21 
3 7 8 12 16 17 21 
3 7 8 12 17 18 23 
3 8 9 14 18 19 23 
3 8 11 12 13 16 21 
3 8 12 13 16 17 21 
3 8 13 16 17 18 21 
4 7 8 9 12 17 22 
4 8 9 12 13 17 22 
4 8 9 13 17 18 22 
4 8 9 13 18 19 24 
4 9 12 13 14 17 22 
4 9 13 14 17 18 22 
4 9 14 17 18 19 22 
